371.46153840273,-0.5051379310348239
371.8391998916188,2.751672413793358
372.21681955928005,-5.696094827586194
372.59439739603135,-12.090077586207371
372.97193339219024,-14.981327586206362
373.3494275380741,-6.912413793103269
373.72687982400055,-1.2628448275861501
374.104290240287,0.6713017241377202
374.481658777251,10.554724137930862
374.85898542521005,10.474965517241117
375.2362701744817,13.432681034483267
375.61351301538343,10.036293103448315
375.9907139382327,6.307577586207117
376.36787293334714,-10.960163793103902
376.7449899910441,15.207310344827647
377.12206510164117,21.2756120689653
377.49909825545586,8.195198275861685
377.8760894428056,3.702129310344617
378.25303865400804,6.732956896551286
378.62994587938056,-1.1299137931036967
379.0068111092407,-4.978267241379399
379.38363433390595,-4.712405172414037
379.76041554369385,-14.855043103448452
380.13715472892187,12.960775862069568
380.51385187990763,20.61760344827644
380.89050698696843,28.168086206896533
381.26712004042196,22.817612068965218
381.64369103058567,22.990422413793567
382.02021994777704,52.427999999999656
382.3967067823135,29.191655172413903
382.77315152451274,35.61222413793121
383.14955416469223,35.333068965516986
383.52591469316934,30.32156896551669
383.90223310026164,23.87441379310326
384.27850937628665,44.26603448275887
384.65474351156195,23.661724137931515
385.0309354964049,36.369931034482306
385.4070853211331,30.47443965517209
385.783192976064,19.281646551724407
386.15925845151514,21.980146551724374
386.5352817378041,30.115525862068807
386.9112628252483,14.9746810344825
387.2872017041652,28.327603448276022
387.6630983648723,16.8490086206898
388.03895279768733,37.65936206896595
388.4147649929276,28.553586206896398
388.79053494091056,28.10162068965542
389.16626263195394,34.18986206896557
389.541948056375,13.891293103448334
389.91759120449143,39.832784482758825
390.2931920666206,40.789887931034855
390.66875063308015,27.96868965517183
391.04426689418744,19.746905172413562
391.41974084026015,30.501025862069127
391.79517246161566,33.66478448275802
392.17056174857146,44.49866379310288
392.54590869144516,38.27749137931028
392.9212132805541,40.41103448275885
393.296475506216,51.2249741379303
393.6716953587482,29.656913793102603
394.04687282846834,43.87388793103469
394.4220079056938,43.41527586206871
394.79710058074215,42.205603448275724
395.1721508439309,45.728275862068585
395.5471586855775,38.61646551724152
395.92212409599955,49.42375862069048
396.29704706551445,29.251474137930927
396.67192758443974,36.27687931034461
397.04676564309307,41.85998275862016
397.4215612317917,45.09685344827608
397.7963143408533,41.82010344827586
398.1710249605953,48.56635344827578
398.54569308133523,38.26419827586187
398.92031869339064,36.981413793103
399.29490178707897,44.345793103448614
399.6694423527178,52.833439655172015
400.0439403806246,28.71974999999952
400.41839586111684,47.14399137931059
400.792808784512,44.01346551724123
401.1671791411277,33.36568965517267
401.5415069212814,41.57418103448276
401.91579211529057,43.26905172413808
402.2900347134728,50.20140517241384
402.6642347061454,74.08246551724073
403.0383920836261,55.56517241379288
403.41250683623224,43.548206896552074
403.7865789542815,45.369362068965074
404.1606084280912,50.055181034482985
404.53459524797904,48.68599137931028
404.9085394042624,62.41776724137958
405.2824408872587,40.46420689655179
405.65629968728564,54.348853448276486
406.0301157946606,44.15968965517254
406.4038891997011,50.39415517241423
406.7776198927248,49.11801724137899
407.15130786404893,46.778431034482765
407.5249531039912,60.09812068965539
407.8985556028691,57.432853448275864
408.272115351,57.83829310344845
408.64563233870155,58.55612068965479
409.01910655629126,69.8153793103445
409.39253799408647,69.34347413793057
409.7659266424049,65.75433620689637
410.13927249156393,58.15068103448266
410.51257553188105,75.53141379310364
410.8858357536738,59.44011206896516
411.25905314725975,50.952465517241535
411.63222770295624,62.48423275862092
412.00535941108103,61.77305172413776
412.3784482619514,80.12418103448272
412.75149424588494,74.72053448275938
413.1244973531991,78.27643965517245
413.4974575742115,74.86675862069
413.87037489923966,70.00812931034466
414.2432493186009,67.38274137931035
414.6160808226129,67.73500862069022
414.9888694015931,85.4613620689654
415.3616150458589,92.61305172413813
415.734317745728,89.82814655172342
416.1069774915178,68.28002586206912
416.47959427354584,63.122301724138424
416.8521680821296,75.9634396551719
417.2246989075866,74.70059482758666
417.5971867402344,72.56040517241377
417.9696315703904,65.48182758620737
418.34203338837216,83.31452586206979
418.71439218449717,75.93685344827577
419.08670794908295,97.23240517241334
419.458980672447,87.8142413793098
419.8312103449069,85.04927586206895
420.20339695678,88.53206896551706
420.5755404983839,81.52660344827609
420.9476409600361,92.4003620689657
421.3196983320541,92.87891379310372
421.6917126047555,103.42699137931004
422.0636837684576,87.84082758620661
422.4356118134781,97.5182068965521
422.8074967301344,114.43368103448279
423.179338508744,83.51392241379313
423.5511371396245,112.89168103448219
423.92289261309327,103.61309482758634
424.29460491946793,104.16475862069001
424.666274049066,122.44277586206863
425.0378999922049,106.36476724137924
425.4094827392022,97.25234482758651
425.7810222803753,116.37447413793211
426.1525186060418,120.09654310344877
426.5239717065192,116.4675258620689
426.895381572125,106.99618965517243
427.2667481931767,118.85363793103397
427.63807155999183,124.2306982758621
428.00935166288787,122.75516379310352
428.3805884921823,132.67846551724142
428.7517820381926,118.4481982758623
429.1229322912364,108.5847155172412
429.4940392416312,109.33577586206934
429.8651028796943,110.88442241379357
430.23612319574346,120.51527586206885
430.60710018009604,121.38597413793104
430.97803382306955,124.58961206896538
431.3489241149815,120.00349137931039
431.71977104614945,109.44212068965544
432.0905746068909,129.99990517241463
432.4613347875234,122.62887931034493
432.8320515783643,160.24171551724157
433.20272496973126,135.83557758620668
433.5733549519417,129.08932758620676
433.94394151531304,144.09724137931016
434.31448465016297,130.5050431034481
434.68498434680896,135.48995689655158
435.0554405955685,150.2320086206896
435.425853386759,142.08998275862064
435.79622271069803,147.87912931034452
436.1665485577032,155.29668103448284
436.53683091809177,143.764913793103
436.9070697821815,139.80356896551712
437.2772651402898,138.8464655172413
437.6474169827341,128.77029310344892
438.017525299832,134.23375862068997
438.387590081901,145.67912068965552
438.7576113192586,137.3975172413791
439.12758900222224,145.43984482758674
439.4975231211095,140.28876724137945
439.8674136662379,157.6827931034486
440.2372606279249,150.29847413793118
440.60706399648797,146.9685517241378
440.9768237622447,144.044068965517
441.34653991551255,149.46765517241397
441.716212446609,154.99758620689704
442.08584134585163,132.03375000000005
442.4554266035579,159.94926724137918
442.8249682100453,135.96850862068936
443.1944661556314,144.65555172413815
443.56392043063363,170.9692500000001
443.93333102536957,150.13231034482783
444.3026979301566,163.83749999999964
444.67202113531243,179.6496465517239
445.04130063115434,155.82840517241357
445.41053640800004,157.1111896551722
445.7797284561669,164.95412068965584
446.1488767659724,168.5299655172414
446.5179813277342,167.59280172413787
446.88704213176965,181.032129310345
447.2560591683964,187.61886206896543
447.62503242793184,193.36812931034547
447.99396190069353,203.11197413793047
448.36284757699894,202.82617241379376
448.73168944716554,198.78506896551767
449.10048750151105,199.45637068965516
449.4692417303527,208.30957758620752
449.83795212400815,210.58269827586219
450.20661867279483,210.6691034482758
450.57524136703034,217.00991379310335
450.94382019703215,250.16956034482746
451.3123551531177,248.71396551724115
451.6808462256046,245.86259482758624
452.0492934048102,252.25657758620673
452.41769668105223,244.353827586207
452.786056044648,256.41067241379324
453.15437148591514,254.41670689655234
453.5226429951711,286.38662068965505
453.8908705627333,272.26269827586157
454.2590541789195,301.99272413793096
454.62719383404686,260.54482758620657
454.9952895184332,276.2506293103447
455.36334122239583,295.4392241379312
455.73134893625235,286.36668103448255
456.09931265032026,303.89363793103416
456.467232354917,280.2319137931031
456.8351080403602,272.3225172413793
457.2029396969672,326.0133620689651
457.5707273150556,325.33541379310304
457.93847088494294,313.79035344827616
458.30617039694664,299.72625000000016
458.6738258413843,313.7039482758619
459.0414372085733,307.1903275862064
459.4090044888313,325.9269568965517
459.77652767247565,328.17349137931024
460.144006749824,344.4442499999998
460.5114417111938,334.70705172413864
460.8788325469025,321.0550344827584
461.24617924726766,372.2268362068967
461.61348180260677,340.3566206896551
461.98074020323736,328.3595948275863
462.34795443947695,382.11690517241345
462.715124501643,338.76144827586154
463.08225038005304,371.5223017241383
463.4493320650245,370.1132327586206
463.816369546875,346.7439568965515
464.183362815922,375.66975000000025
464.550311862483,389.81361206896554
464.9172166768755,365.96578448275864
465.28407724941707,391.1761551724137
465.6508935704251,375.7694482758618
466.01766563021727,385.87220689655123
466.3843934191109,396.7326724137936
466.75107692742347,395.4365948275861
467.11771614547274,405.46624137931053
467.484311063576,381.3392586206894
467.8508616720508,407.61307758620705
468.21736796121473,418.1678017241379
468.58382992138525,433.07601724137976
468.9502475428798,445.0597500000006
469.31662081601587,437.28328448275806
469.6829497311111,441.05187931034425
470.0492342784829,435.2893189655174
470.41547444844883,465.9365689655169
470.78167023132636,460.37340517241364
471.147821617433,457.68155172413844
471.5139285970863,456.9903103448278
471.8799911606036,475.181922413793
472.2460092983026,491.49920689655096
472.6119830005008,504.78566379310337
472.97791225751564,485.6967672413791
473.3437970596646,516.6364655172417
473.70963739726517,519.175448275862
474.075433260635,529.231681034483
474.44118464009136,526.7791034482761
474.80689152595204,539.4673706896556
475.17255390853427,557.3266551724139
475.53817177815574,574.4814051724136
475.903745125134,563.1689741379314
476.26927393978633,606.9099310344836
476.6347582124304,595.8301293103445
477.0001979333836,612.4465086206899
477.36559309296365,613.5830689655181
477.7309436814879,650.1457500000001
478.09624968927386,635.1710689655176
478.461511106639,643.8248793103442
478.826727923901,643.9843965517241
479.1919001313771,675.9941896551718
479.557027719385,679.98876724138
479.9221106782422,720.811887931035
480.2871489982661,745.3044310344824
480.6521426697744,708.4958275862059
481.01709168308435,740.0935344827592
481.38199602851364,748.3286120689661
481.74685569637967,776.5897499999994
482.111670677,767.7033103448271
482.4764409606922,809.5034741379304
482.84116653777363,831.1512931034483
483.2058473985619,815.7379396551726
483.57048353337444,842.8758103448286
483.93507493252883,856.5544137931038
484.29962158634265,865.2813362068969
484.6641234851332,867.6740948275865
485.02858061921813,901.9968879310345
485.3929929789149,907.3141293103449
485.757360554541,935.5287413793108
486.121683336414,943.0326982758618
486.4859613148513,956.0599396551729
486.8501944801706,956.1396982758622
487.2143828226892,964.5143534482761
487.57852633272466,962.8527155172412
487.94262500059455,1012.9211896551722
488.3066788166163,1025.6958620689647
488.67068777110745,1017.952629310345
489.0346518543855,1037.8125258620687
489.39857105676805,1061.7467586206892
489.7624453685724,1065.5087068965515
490.12627478011626,1090.3402241379313
490.49005928171704,1052.5080517241388
490.85379886369225,1086.0332586206896
491.2174935163594,1090.120887931034
491.581143230036,1133.7222672413798
491.94474799503956,1118.6013620689648
492.30830780168753,1090.473155172414
492.67182264029753,1120.9808275862067
493.035292501187,1129.249137931035
493.3987173746735,1124.8491206896547
493.7620972510744,1143.8050862068962
494.1254321207073,1134.3271034482766
494.48872197388977,1116.7270344827587
494.8519668009391,1144.8353017241375
495.21516659217303,1142.2697327586206
495.5783213379091,1164.1435344827578
495.9414310284645,1141.4123275862066
496.30449565415705,1145.7591724137926
496.66751520530397,1167.6063879310348
497.03048967222315,1159.7102844827582
497.39341904523167,1195.8741724137944
497.75630331464737,1191.4874482758617
498.11914247078755,1162.7809913793105
498.4819365039699,1176.9979655172415
498.8446854045118,1189.3738448275853
499.20738916273064,1179.5435948275867
499.5700477689442,1197.7352068965513
499.93266121346977,1205.4585000000004
500.29522948662503,1178.161112068965
500.6577525787273,1201.2844655172416
501.02023048009426,1199.0312844827592
501.38266318104326,1166.682517241379
501.7450506718919,1191.7400172413788
502.1073929429577,1205.9038189655173
502.469689984558,1199.7491120689654
502.8319417870105,1195.9339913793092
503.1941483406327,1198.3998620689651
503.5563096357421,1209.9715086206893
503.91842566265603,1227.8839655172412
504.28049641169207,1203.9165000000003
504.64252187316794,1237.5812844827597
505.0045020374009,1248.0761896551717
505.36643689470856,1235.3281034482768
505.72832643540835,1227.824146551724
506.0901706498178,1259.0562931034485
506.45196952825466,1269.1125258620693
506.813723061036,1277.866034482759
507.1754312384797,1251.1136637931045
507.537094050903,1276.3971465517234
507.8987114886236,1230.815094827586
508.26028354195887,1271.6249224137932
508.62181020122637,1276.809232758621
508.9832914567437,1297.287258620689
509.3447272988281,1304.7247500000003
509.7061177177974,1300.6637068965515
510.0674627039689,1279.600784482759
510.42876224766013,1273.0206982758625
510.7900163391887,1286.234043103449
511.151224968872,1290.4280172413805
511.51238812702763,1258.2653534482745
511.87350580397293,1272.8678275862067
512.2345779900257,1329.436629310345
512.5956046755031,1317.5060689655172
512.9565858507228,1310.886103448276
513.3175215060025,1298.0050862068965
513.6784116316593,1351.722517241379
514.0392562180111,1345.740620689656
514.4000552553752,1350.0276465517247
514.7608087340691,1315.0601379310338
515.1215166444102,1364.836163793103
515.4821789767162,1350.1007586206892
515.8427957213047,1356.8802413793105
516.2033668684929,1357.079637931034
516.5638924085987,1345.4481724137922
516.924372331939,1347.1629827586203
517.284806628832,1336.6813706896562
517.6451952895948,1349.7019655172417
518.0055383045449,1356.3418706896553
518.365835664,1375.091793103449
518.7260873582774,1364.1781551724134
519.0862933776949,1376.8730689655163
519.4464537125696,1363.8591206896558
519.8065683532194,1350.3267413793105
520.1666372899614,1364.3576120689652
520.5266605131134,1359.4723965517237
520.8866380129929,1373.104474137931
521.2465697799173,1379.9903017241375
521.6064558042042,1388.5510603448272
521.966296076171,1368.697810344828
522.3260905861354,1373.2972241379298
522.6858393244146,1358.688103448275
523.0455422813262,1395.7891551724138
523.405199447188,1391.8078706896551
523.7648108123171,1404.456258620689
524.1243763670313,1418.1680948275864
524.4838961016479,1395.6362844827581
524.8433700064846,1393.6556120689643
525.2027980718589,1400.79400862069
525.5621802880879,1420.268405172414
525.9215166454898,1433.7343189655176
526.2808071343813,1421.9433362068962
526.6400517450808,1447.6987241379313
526.999250467905,1421.2587413793096
527.3584032931719,1437.4032155172406
527.7175102111987,1438.0412844827586
528.0765712123032,1432.0062155172418
528.4355862868027,1455.7676379310346
528.7945554250149,1449.4135344827587
529.153478617257,1431.7935258620687
529.5123558538468,1462.3011982758628
529.8711871251016,1455.0032844827597
530.229972421339,1470.370112068966
530.5887117328764,1438.4866034482757
530.9474050500316,1458.0806379310338
531.3060523631218,1449.280603448276
531.6646536624647,1461.3706810344836
532.0232089383777,1489.0203362068974
532.3817181811784,1437.9681724137918
532.740181381184,1472.1115086206898
533.0985985287124,1456.857672413792
533.4569696140809,1457.5622068965517
533.815294627607,1462.9193275862076
534.1735735596084,1461.8957586206893
534.5318064004024,1451.3942068965516
534.8899931403066,1461.364034482758
535.2481337696383,1446.5555172413788
535.6062282787153,1448.476370689655
535.9642766578552,1457.3029913793096
536.322278897375,1453.946482758622
536.6802349875926,1429.759681034483
537.0381449188254,1438.0080517241367
537.396008681391,1464.9996982758632
537.7538262656067,1443.218948275863
538.1115976617901,1465.9368620689663
538.4693228602589,1455.5150689655172
538.8270018513302,1455.687879310345
539.184634625322,1460.227474137931
539.5422211725514,1481.4299741379305
539.8997614833361,1466.2160172413796
540.2572555479934,1490.1236637931033
540.6147033568411,1495.19498275862
540.9721049001965,1503.290482758621
541.3294601683773,1488.8209396551715
541.6867691517009,1509.1195086206887
542.0440318404848,1527.2513017241374
542.4012482250464,1509.4518362068961
542.7584182957032,1531.9304741379306
543.1155420427729,1559.4937241379307
543.472619456573,1568.0943620689654
543.8296505274208,1565.0768275862067
544.1866352456341,1571.8828965517225
544.54357360153,1593.0521637931035
544.9004655854266,1633.9550431034488
545.2573111876407,1586.4787241379308
545.6141103984902,1612.2872844827582
545.9708632082926,1635.4372241379322
546.3275696073654,1619.286103448276
546.684229586026,1686.3365172413785
547.040843134592,1643.8185258620692
547.397410243381,1661.9769051724136
547.7539309027102,1680.5673103448266
548.1104051028973,1675.5026379310345
548.46683283426,1659.9630000000002
548.8232140871154,1684.2561465517244
549.1795488517813,1712.0453793103447
549.5358371185752,1719.1372500000007
549.8920788778144,1737.3953275862066
550.2482741198164,1775.0015172413791
550.604422834899,1763.0510172413794
550.9605250133797,1776.8957844827582
551.3165806455755,1767.557379310344
551.6725897218045,1758.3917844827579
552.0285522323837,1809.410715517242
552.3844681676312,1792.0964482758625
552.740337517864,1831.1316465517245
553.0961602733997,1832.640413793104
553.451936424556,1894.3004741379316
553.8076659616502,1833.4313534482758
554.1633488749999,1889.368732758621
554.5189851549228,1894.0080258620699
554.8745747917361,1892.107112068965
555.2301177757573,1919.231689655172
555.5856140973041,1929.4075603448264
555.9410637466939,1959.44997413793
556.2964667142442,1912.7114224137933
556.6518229902725,1961.7829137931035
557.0071325650965,1949.7593017241381
557.3623954290335,1929.7199482758626
557.717611572401,1924.4824655172415
558.0727809855165,1948.064431034482
558.4279036586978,1959.4366810344832
558.7829795822619,1965.2789999999998
559.1380087465267,1992.755844827586
559.4929911418096,1951.6070431034482
559.8479267584282,1949.3272758620692
560.2028155866997,1975.3485258620694
560.5576576169418,1988.3358879310347
560.9124528394722,1963.6240086206903
561.267201244608,1998.2193103448267
561.6219028226669,1975.993241379311
561.9765575639667,1955.5218620689652
562.3311654588246,1991.984844827587
562.6857264975578,1997.3353189655174
563.0402406704843,1971.121318965518
563.3947079679216,1983.065172413793
563.7491283801869,1990.456137931034
564.1035018975979,1995.507517241379
564.4578285104722,1976.1793448275866
564.812108209127,1979.7020172413795
565.1663409838801,2006.514206896552
565.5205268250488,1981.795681034483
565.8746657229508,1988.3757672413794
566.2287576679033,2013.506379310345
566.582802650224,2012.7752586206893
566.9368006602307,1996.5576724137936
567.2907516882406,1983.2845086206894
567.6446557245708,2026.3608103448285
567.9985127595396,2012.2103017241368
568.3523227834639,2018.7638017241375
568.7060857866617,2015.294301724138
569.05980175945,2033.9046465517242
569.4134706921468,2034.1372758620696
569.7670925750693,2017.6737672413792
570.1206673985349,2042.3391206896556
570.4741951528614,2011.5522931034477
570.8276758283661,2038.3910689655165
571.1811094153666,2052.714387931036
571.5344959041804,2046.1741810344824
571.887835285125,2048.766336206895
572.241127548518,2054.7083534482767
572.5943726846766,2082.3779482758628
572.9475706839186,2097.9774051724135
573.3007215365616,2094.3882672413793
573.6538252329226,2123.9920086206907
574.0068817633196,2119.3925948275864
574.35989111807,2118.654827586206
574.7128532874912,2133.476637931036
575.0657682619006,2159.5311206896567
575.418636031616,2150.093017241379
575.7714565869547,2157.14500862069
576.1242299182344,2221.942241379311
576.4769560157722,2206.8878017241377
576.8296348698861,2235.4148017241387
577.1822664708935,2259.169577586207
577.5348508091115,2309.0718879310343
577.887387874858,2330.2079224137938
578.2398776584505,2329.0447758620694
578.5923201502063,2385.899379310345
578.9447153404429,2434.6584827586207
579.2970632194782,2464.7274827586207
579.6493637776293,2500.1469568965513
580.0016170052138,2557.001560344829
580.3538228925493,2590.779336206896
580.7059814299532,2622.244112068967
581.058092607743,2677.8624568965524
581.4101564162362,2767.5377327586207
581.7621728457506,2834.8540086206895
582.1141418866034,2883.65299137931
582.466063529112,2958.8520775862066
582.8179377635942,3051.92374137931
583.1697645803674,3132.745810344828
583.5215439697491,3222.720181034483
583.8732759220567,3315.0540775862087
584.2249604276079,3397.1988103448284
584.57659747672,3498.166577586207
584.9281870597107,3571.876836206896
585.2797291668975,3666.4040948275874
585.6312237885977,3738.931267241378
585.982670915129,3848.8785258620683
586.3340705368088,3978.8319051724134
586.6854226439547,4083.0033103448263
587.0367272268841,4153.443465517239
587.3879842759146,4318.2447155172395
587.7391937813636,4373.949465517242
588.0903557335488,4481.789767241379
588.4414701227875,4576.529715517243
588.7925369393971,4726.84148275862
589.1435561736955,4813.831551724138
589.494527816,4872.07528448276
589.8454518566281,5008.283068965518
590.1963282858972,5116.754793103446
590.547157094125,5239.928689655173
590.8979382716288,5268.54874137931
591.2486718087263,5382.171543103446
591.5993576957351,5482.959853448275
591.9499959229723,5607.21049137931
592.3005864807558,5703.273103448276
592.6511293594028,5762.64675
593.0016245492311,5862.79699137931
593.3520720405579,5951.800965517241
593.7024718237009,6043.716129310345
594.0528238889776,6107.9218189655185
594.4031282267056,6144.085706896552
594.7533848272021,6309.352215517243
595.1035936807849,6377.964568965515
595.4537547777715,6458.401137931036
595.803868108479,6520.745793103448
596.1539336632253,6626.067051724139
596.5039514323281,6646.957163793107
596.8539214061043,6717.483724137928
597.2038435748719,6780.200586206895
597.5537179289481,6889.057810344828
597.9035444586507,7081.14980172414
598.2533231542969,7148.333146551726
598.6030540062044,7163.553749999997
598.9527370046907,7200.282594827586
599.3023721400731,7236.007810344826
599.6519594026695,7388.466413793105
600.001498782797,7401.174620689656
600.3509902707734,7514.172646551724
600.700433856916,7579.475017241378
601.0498295315423,7694.254318965517
601.39917728497,7683.094758620691
601.7484771075166,7820.764784482759
602.0977289894995,7796.651094827586
602.4469329212361,7913.431008620688
602.796088893044,7933.663112068965
603.1451968952409,7977.344249999999
603.494256918144,8138.277206896553
603.8432689520711,8157.904474137933
604.1922329873393,8221.91076724138
604.5411490142665,8221.624965517241
604.89001702317,8363.050293103448
605.2388370043674,8435.398008620688
605.5876089481761,8379.281172413796
605.9363328449137,8375.432818965519
606.2850086848979,8508.284094827584
606.6336364584456,8580.080146551723
606.982216155875,8675.331879310346
607.3307477675032,8677.937327586204
607.6792312836478,8770.856120689657
608.0276666946264,8874.38281034483
608.3760539907562,8856.829267241383
608.7243931623551,8983.399551724135
609.0726841997404,8977.969318965515
609.4209270932297,9037.774991379312
609.7691218331404,9040.034818965516
610.11726840979,9215.882637931038
610.4653668134961,9201.200405172413
610.813417034576,9211.974465517245
611.1614190633476,9306.780879310343
611.5093728901279,9296.059991379308
611.857278505235,9396.010836206899
612.2051358989859,9391.723810344825
612.5529450616983,9445.328250000002
612.9007059836897,9486.111491379308
613.2484186552775,9541.377568965512
613.5960830667797,9581.323344827586
613.943699208513,9590.788034482759
614.2912670707955,9673.517663793104
614.6387866439445,9669.323689655173
614.9862579182775,9712.380051724138
615.333680884112,9687.887508620688
615.6810555317657,9761.145801724137
616.0283818515558,9801.11151724138
616.3756598338,9741.751163793104
616.7228894688157,9859.528060344828
617.0700707469207,9869.404836206895
617.4172036584321,9835.288086206896
617.7642881936675,9899.839396551723
618.1113243429445,9956.567715517242
618.4583120965808,9900.430939655174
618.8052514448935,9903.222491379307
619.1521423782003,9977.152086206896
619.4989848868188,9910.301068965517
619.8457789610666,10066.441862068967
620.1925245912607,10015.529275862069
620.5392217677189,10013.880931034488
620.885870480759,9898.656310344826
621.2324707206981,10038.473172413791
621.5790224778539,9977.776862068966
621.9255257425439,10025.352879310345
622.2719805050855,10022.00301724138
622.6183867557961,9980.282612068962
622.9647444849935,10044.2025
623.3110536829952,10002.3491637931
623.6573143401184,9959.897637931035
624.0035264466808,10008.503870689652
624.349689993,9991.96725
624.6958049693934,9932.002060344828
625.0418713661784,9867.929301724138
625.3878891736726,9850.468810344832
625.7338583821937,9798.658939655174
626.0797789820589,9859.508120689656
626.4256509635858,9817.010068965516
626.7714743170919,9912.574189655172
627.117249032895,9798.32661206897
627.462975101312,9753.695017241382
627.808652512661,9775.256431034484
628.1542812572592,9700.409612068965
628.499861325424,9651.211836206896
628.8453927074733,9707.388491379312
629.1908753937244,9675.25906034483
629.5363093744947,9698.54193103448
629.8816946401017,9592.655715517241
630.227031180863,9620.989965517243
630.5723189870963,9568.887646551724
630.9175580491187,9526.31648275862
631.2627483572479,9506.622749999997
631.6078899018016,9532.19203448276
631.9529826730972,9482.09697413793
632.2980266614518,9460.741603448274
632.6430218571834,9453.104715517242
632.9879682506095,9417.784939655174
633.3328658320472,9461.638887931036
633.6777145918143,9396.289991379308
634.0225145202284,9344.37377586207
634.3672656076068,9290.78262931035
634.7119678442671,9395.764913793104
635.0566212205266,9318.904189655175
635.4012257267033,9219.764224137933
635.7457813531141,9180.2704137931
636.0902880900769,9193.051732758622
636.4347459279091,9156.781500000001
636.7791548569284,9188.797939655173
637.1235148674518,9167.070362068967
637.4678259497972,9084.40719827586
637.8120880942822,9094.483370689653
638.1563012912239,9041.237844827587
638.5004655309402,9061.017982758622
638.8445808037485,9096.145008620691
639.1886470999663,8998.999008620689
639.5326644099108,8935.105706896553
639.8766327238999,8884.512155172419
640.2205520322509,8925.567905172415
640.5644223252815,8953.111215517241
640.9082435933088,8835.699879310341
641.252015826651,8950.359543103448
641.5957390156251,8879.54053448276
641.9394131505485,8845.69629310345
642.283038221739,8789.25377586207
642.6266142195141,8849.76398275862
642.9701411341911,8751.694112068966
643.3136189560876,8820.652086206897
643.6570476755212,8784.63442241379
644.0004272828095,8783.178827586209
644.3437577682696,8784.315387931036
644.6870391222192,8825.371137931035
645.030271334976,8791.925689655172
645.3734543968574,8755.32977586207
645.7165882981807,8800.752310344826
646.0596730292636,8723.133879310344
646.4027085804239,8843.735560344825
646.7456949419784,8718.620870689656
647.0886321042451,8769.447051724135
647.4315200575415,8792.769801724142
647.7743587921849,8786.41569827586
648.1171482984928,8657.213379310346
648.459888566783,8749.64697413793
648.8025795873729,8625.602379310347
649.1452213505797,8726.3973362069
649.4878138467211,8773.042836206896
649.8303570661149,8692.639500000001
650.172850999078,8659.21399137931
650.5152956359285,8655.133008620687
650.8576909669837,8714.79910344828
651.2000369825611,8688.113198275865
651.542333672978,8595.427034482756
651.8845810285519,8715.104844827587
652.2267790396008,8819.56869827586
652.5689276964417,8696.860060344829
652.9110269893924,8742.568396551722
653.2530769087704,8772.896612068967
653.5950774448929,8717.836577586206
653.9370285880777,8774.07305172414
654.2789303286421,8719.418456896556
654.6207826569039,8830.522215517238
654.9625855631804,8745.406474137932
655.3043390377888,8909.31043965517
655.6460430710474,8770.882706896551
655.9876976532731,8828.787465517242
656.3293027747835,8808.8411637931
656.6708584258962,8705.188189655171
657.0123645969287,8734.399784482755
657.3538212781983,8796.997008620692
657.6952284600228,8712.04078448276
658.0365861327195,8843.31018103448
658.3778942866063,8854.994818965515
658.719152912,8811.34026724138
659.0603619992186,8926.438603448276
659.4015215385796,8902.072344827588
659.7426315204004,8823.244241379309
660.0836919349985,8987.799568965522
660.4247027726914,8908.220405172413
660.7656640237967,8922.743120689654
661.1065756786317,8939.525663793105
661.4474377275141,8995.416517241381
661.7882501607614,8984.72221551724
662.1290129686911,9019.616612068963
662.4697261416204,9045.458405172412
662.8103896698674,9025.691560344827
663.1510035437491,9077.960043103445
663.4915677535832,9135.25996551724
663.8320822896872,9120.730603448277
664.1725471423786,9154.77424137931
664.5129623019748,9149.762741379313
664.8533277587933,9122.824267241382
665.193643503152,9171.46373275862
665.5339095253681,9218.016181034483
665.8741258157589,9164.358568965516
666.2142923646422,9136.595922413795
666.5544091623356,9215.915870689652
666.8944761991562,9261.883422413794
667.2344934654218,9230.890551724138
667.57446095145,9304.155491379312
667.9143786475581,9226.291137931035
668.2542465440636,9331.938077586203
668.594064631284,9342.386456896555
668.9338328995372,9340.758051724137
669.27355133914,9336.79670689655
669.6132199404104,9385.316534482761
669.9528386936657,9395.206603448274
670.2924075892238,9395.086965517243
670.6319266174016,9398.071267241383
670.971395768517,9428.313077586208
671.3108150328875,9458.189327586208
671.6501844008304,9443.885948275863
671.9895038626635,9480.64802586207
672.328773408704,9467.727129310344
672.6679930292696,9433.311284482757
673.0071627146776,9503.412465517238
673.3462824552458,9460.761543103448
673.6853522412916,9577.322120689658
674.0243720631324,9477.637137931035
674.3633419110857,9497.822715517244
674.7022617754692,9452.83220689655
675.0411316466003,9466.450991379312
675.3799515147962,9442.862379310343
675.718721370375,9614.230422413793
676.0574412036539,9507.792543103445
676.3961110049503,9545.990275862068
676.7347307645817,9641.886724137932
677.0733004728659,9530.962422413795
677.4118201201202,9565.67071551724
677.750289696662,9463.539801724139
678.088709192809,9547.193301724139
678.4270785988788,9561.091241379308
678.7653979051886,9518.985336206893
679.103667102056,9506.297068965518
679.4418861797986,9426.525155172414
679.780055128734,9524.422215517245
680.1181739391793,9555.59454310345
680.4562426014525,9562.832637931031
680.794261105871,9570.08402586207
681.132229442752,9449.03702586207
681.470147602413,9560.419939655172
681.808015575172,9448.34578448276
682.1458333513463,9381.228905172415
682.4836009212529,9452.592931034484
682.82131827521,9350.056577586209
683.158985403535,9241.35222413793
683.4966022965449,9284.18925
683.8341689445576,9342.565913793105
684.1716853378906,9275.488913793102
684.5091514668615,9326.182163793103
684.8465673217872,9219.558181034481
685.1839328929861,9344.925439655175
685.5212481707752,9202.835456896548
685.858513145472,9267.645982758622
686.1957278073941,9157.68543103448
686.532892146859,9049.50615517241
686.8700061541842,9074.650060344828
687.207069819687,9011.341655172413
687.5440831336854,9004.914439655171
687.8810460864966,9047.007051724138
688.2179586684379,8934.281534482761
688.554820869827,8957.564405172414
688.8916326809817,8818.146336206895
689.228394092219,8961.57892241379
689.5651050938567,8891.52426724138
689.9017656762122,8827.298637931037
690.2383758296032,8783.371577586211
690.574935544347,8728.411241379308
690.911444810761,8692.087836206896
691.2479036191631,8673.969336206896
691.5843119598705,8712.612387931036
691.9206698232007,8564.600327586206
692.2569771994715,8638.742612068967
692.593234079,8559.894568965521
692.9294404521039,8555.793646551727
693.2655963091007,8523.584456896553
693.6017016403081,8417.638422413798
693.9377564360432,8426.48498275862
694.2737606866239,8300.74551724138
694.6097143823674,8310.376370689657
694.9456175135914,8235.629250000002
695.2814700706133,8334.317250000002
695.6172720437506,8314.802974137932
695.953023423321,8188.784353448278
696.2887241996418,8182.443543103447
696.6243743630305,8114.309741379311
696.9599739038048,8072.170603448276
697.295522812282,8070.34280172414
697.6310210787797,8060.738534482762
697.9664686936152,8034.836922413798
698.3018656471065,7997.343724137933
698.6372119295706,7909.210448275865
698.9725075313253,7901.1681206896565
699.3077524426881,7916.016517241379
699.6429466539763,7879.367431034485
699.9780901555074,7795.035982758622
700.3131829375992,7796.790672413795
700.648224990569,7750.650310344827
700.9832163047344,7734.033931034484
701.3181568704127,7717.783112068967
701.6530466779217,7589.458137931032
701.9878857175788,7676.461499999997
702.3226739797014,7587.444232758617
702.657411454607,7560.399413793106
702.9920981326133,7549.911155172416
703.3267340040376,7618.064896551723
703.6613190591974,7492.451715517243
703.9958532884106,7430.4393879310355
704.3303366819943,7434.600129310345
704.664769230266,7428.658112068966
704.9991509235432,7431.084103448277
705.3334817521437,7365.542456896554
705.6677617063847,7316.218396551727
706.001990776584,7258.439922413794
706.3361689530589,7254.923896551725
706.670296226127,7134.016474137932
707.0043725861057,7233.907500000001
707.3383980233124,7209.481422413794
707.6723725280649,7243.511767241382
708.0062960906805,7177.77072413793
708.3401687014768,7127.030948275861
708.6739903507713,7146.538577586208
709.0077610288816,7080.631370689655
709.341480726125,7083.150413793104
709.675149432819,7106.1541293103455
710.0087671392814,7078.125620689657
710.3423338358294,7049.997413793104
710.6758495127806,7054.563594827588
711.0093141604527,6881.480741379311
711.3427277691629,6969.507672413793
711.6760903292287,6974.240017241382
712.0094018309679,6887.449344827584
712.3426622646979,6923.413836206894
712.675871620736,6894.308586206898
713.0090298893998,6935.51056034483
713.3421370610071,6946.962568965517
713.6751931258752,6802.01456896552
714.0081980743214,6718.41424137931
714.3411518966633,6890.97201724138
714.6740545832188,6981.418293103449
715.0069061243048,6787.59155172414
715.3397065102391,6751.720112068967
715.6724557313395,6800.392810344825
716.005153777923,6828.574189655174
716.3378006403074,6765.9105
716.6703963088099,6739.6433275862055
717.0029407737486,6843.528931034483
717.3354340254403,6828.108931034483
717.6678760542031,6707.726586206896
718.0002668503543,6722.196129310345
718.3326064042111,6633.630827586208
718.6648947060913,6713.65531034483
718.9971317463124,6677.677525862068
719.3293175151921,6710.604543103447
719.6614520030474,6642.4707413793085
719.9935352001961,6543.204491379312
720.3255670969559,6653.264741379309
720.657547683644,6624.425353448276
720.9894769505778,6763.996293103448
721.3213548880752,6706.251051724138
721.6531814864536,6600.039155172413
721.9849567360303,6699.79725
722.3166806271229,6686.710189655172
722.6483531500489,6610.912913793103
722.9799742951261,6573.791922413795
723.3115440526715,6549.49877586207
723.6430624130029,6570.907318965517
723.9745293664379,6535.740413793103
724.3059449032936,6583.276551724137
724.6373090138878,6563.277077586206
724.9686216885382,6634.142612068965
725.2998829175622,6510.383818965518
725.6310926912768,6596.642767241377
725.962251,6617.958258620692
726.2933578340493,6688.444939655172
726.624413183742,6608.972120689654
726.9554170393957,6569.199155172414
727.2863693913281,6626.771586206898
727.6172702298564,6599.587189655172
727.9481195452983,6635.578267241381
728.278917327971,6539.276379310345
728.6096635681926,6583.296491379312
728.94035825628,6458.055517241378
729.2710013825509,6517.881129310345
729.6015929373231,6529.599000000002
729.9321329109138,6449.242189655173
730.2626212936404,6513.8799051724145
730.5930580758207,6599.760000000002
730.9234432477722,6495.65506034483
731.253776799812,6662.975353448275
731.5840587222582,6581.57503448276
731.9142890054278,6548.947112068963
732.2444676396386,6543.623224137931
732.574594615208,6556.916327586207
732.9046699224534,6501.776534482757
733.2346935516928,6589.6771810344835
733.564665493243,6546.202086206897
733.8945857374217,6560.013620689656
734.2244542745469,6627.316603448275
734.5542710949358,6493.601275862069
734.8840361889054,6563.815448275861
735.2137495467739,6541.9017672413775
735.5434111588587,6516.963905172413
735.873021015477,6565.197931034483
736.2025791069465,6632.215112068967
736.5320854235848,6560.0734396551725
736.8615399557093,6572.316387931036
737.1909426936373,6658.236362068966
737.5202936276866,6628.911775862068
737.8495927481747,6616.83499137931
738.178840045419,6572.9810431034475
738.5080355097368,6645.767431034483
738.8371791314461,6645.867129310344
739.166270900864,6654.673810344828
739.4953108083082,6583.256612068963
739.8242988440961,6590.109206896551
740.1532349985453,6626.512370689654
740.4821192619731,6611.843431034484
740.8109516246973,6648.738439655175
741.1397320770353,6580.950258620691
741.4684606093047,6618.629560344829
741.7971372118227,6613.225913793104
742.1257618749069,6589.371439655173
742.4543345888751,6646.797646551724
742.7828553440444,6653.53725
743.1113241307326,6616.815051724139
743.4397409392571,6656.548137931033
743.7681057599356,6661.214017241378
744.0964185830851,6669.994112068965
744.4246793990236,6692.379698275862
744.7528881980685,6615.239818965518
745.081044970537,6689.368810344829
745.4091497067471,6600.717103448275
745.737202397016,6650.719112068967
746.0652030316613,6652.1680603448285
746.3931516010002,6645.601267241381
746.7210480953507,6663.294387931035
747.0488925050303,6641.187956896554
747.3766848203559,6637.625405172414
747.7044250316454,6624.903905172414
748.0321131292166,6647.056862068965
748.3597491033865,6643.733586206897
748.6873329444727,6655.285293103447
749.014864642793,6641.520284482759
749.3423441886647,6614.980603448276
749.6697715724052,6612.321982758622
749.9971467843322,6652.380749999998
750.3244698147632,6597.30077586207
750.6517406540157,6665.255120689655
750.9789592924069,6592.388974137933
751.3061257202547,6621.986068965518
751.6332399278766,6688.0926724137935
751.9603019055899,6618.064603448276
752.287311643712,6624.28577586207
752.6142691325607,6627.894853448277
752.9411743624535,6633.205448275861
753.2680273237074,6639.626017241379
753.5948280066407,6592.202870689656
753.9215764015704,6569.996741379308
754.248272498814,6583.662051724137
754.5749162886892,6585.622784482757
754.9015077615135,6510.955422413793
755.2280469076043,6577.799793103447
755.554533717279,6546.228672413793
755.8809681808553,6547.179129310344
756.2073502886508,6516.159672413795
756.5336800309826,6504.455094827588
756.8599573981685,6514.232172413792
757.1861823805261,6476.213896551724
757.5123549683728,6475.901508620689
757.8384751520258,6493.694327586207
758.1645429218031,6461.106284482761
758.4905582680221,6487.120887931034
758.816521181,6447.912879310346
759.1424316510545,6439.604689655171
759.4682896685033,6403.307870689656
759.7940952236635,6376.023775862068
760.1198483068528,6377.7917586206895
760.4455489083888,6385.528344827586
760.7711970185891,6310.21626724138
761.0967926277708,6330.514836206898
761.4223357262517,6356.31675
761.7478263043492,6285.537620689656
762.073264352381,6285.690491379312
762.3986498606644,6293.207741379313
762.7239828195169,6204.363284482758
763.0492632192563,6293.267560344826
763.3744910501996,6207.095017241379
763.6996663026646,6192.5590086206885
764.0247889669689,6158.641655172413
764.3498590334299,6153.84949137931
764.674876492365,6165.168568965519
764.9998413340919,6069.9367758620665
765.324753548928,6094.2565086206905
765.6496131271908,6081.116275862068
765.9744200591978,6006.003594827587
766.2991743352666,5973.023405172414
766.6238759457146,6026.348689655173
766.9485248808593,5916.786931034482
767.2731211310183,5969.32127586207
767.5976646865092,5926.996034482758
767.9221555376491,5896.009810344829
768.2465936747559,5866.884620689655
768.5709790881469,5856.622344827587
768.8953117681399,5783.523568965518
769.2195917050519,5756.319232758623
769.5438188892008,5792.290370689656
769.8679933109041,5689.315344827588
770.1921149604792,5673.86875862069
770.5161838282434,5669.661491379309
770.8401999045146,5625.794249999999
771.16416317961,5587.217663793104
771.4880736438472,5592.933698275862
771.811931287544,5562.838112068966
772.1357361010175,5502.866275862069
772.4594880745854,5487.579206896551
772.7831871985649,5482.328431034483
773.106833463274,5443.957887931034
773.4304268590299,5393.284577586207
773.7539673761501,5394.753465517242
774.0774550049523,5373.437974137931
774.4008897357538,5400.648956896552
774.7242715588721,5290.349431034482
775.047600464625,5270.496181034485
775.3708764433297,5284.327655172413
775.6940994853038,5187.2547672413775
776.0172695808648,5189.5677672413785
776.3403867203302,5218.845827586207
776.6634508940177,5112.839974137931
776.9864620922444,5078.975793103448
777.3094203053281,5095.552293103448
777.6323255235864,5072.222896551724
777.9551777373364,5022.307293103448
778.2779769368959,4985.737965517239
778.6007231125826,4968.682913793104
778.9234162547136,4888.884413793105
779.2460563536066,4864.9967068965525
779.568643399579,4863.069206896551
779.8911773829484,4855.332620689655
780.2136582940323,4792.210318965518
780.5360861231482,4752.689922413794
780.8584608606136,4765.683931034483
781.1807824967461,4724.468663793103
781.503051021863,4677.776637931033
781.8252664262819,4681.777862068966
782.1474287003205,4651.509465517242
782.4695378342959,4604.345534482759
782.7915938185259,4613.71052586207
783.1135966433282,4598.024663793103
783.4355462990198,4553.605758620689
783.7574427759185,4561.807603448275
784.0792860643418,4555.539905172414
784.4010761546072,4505.657534482759
784.722813037032,4484.388568965518
785.0444967019339,4474.737775862068
785.3661271396305,4439.245189655173
785.6877043404394,4472.178853448277
786.0092282946775,4433.163594827584
786.3306989926629,4461.55101724138
786.6521164247129,4446.589629310345
786.9734805811449,4418.069275862069
787.2947914522766,4381.99179310345
787.6160490284254,4402.775560344827
787.9372532999091,4432.917672413794
788.2584042570446,4374.886629310346
788.5795018901498,4364.863629310345
788.9005461895424,4389.887896551724
789.2215371455394,4389.934422413793
789.5424747484585,4383.80630172414
789.8633589886175,4409.481931034483
790.1841898563337,4452.132853448276
790.5049673419245,4415.078327586207
790.8256914357073,4456.625922413792
791.146362128,4398.016629310346
791.4669794091199,4431.947275862071
791.7875432693843,4459.882732758624
792.1080536991111,4456.393293103447
792.4285106886177,4446.430112068967
792.7489142282213,4449.753387931036
793.0692643082398,4457.270637931035
793.3895609189905,4463.731086206895
793.7098040507909,4479.05803448276
794.0299936939585,4431.614948275861
794.350129838811,4472.65075862069
794.6702124756658,4488.203689655173
794.9902415948401,4471.467672413795
795.3102171866518,4469.879146551724
795.6301392414183,4455.502655172414
795.9500077494572,4503.656922413794
796.2698227010857,4537.614155172414
796.5895840866215,4526.275137931034
796.9092918963823,4486.056853448275
797.2289461206852,4517.328879310344
797.5485467498479,4519.249732758622
797.8680937741881,4486.954137931034
798.187587184023,4485.126336206898
798.5070269696703,4537.873370689655
798.8264131214474,4510.868431034485
799.145745629672,4556.330844827586
799.4650244846613,4520.751853448278
799.7842496767328,4510.396525862071
800.1034211962044,4537.434698275862
800.4225390333933,4541.083655172413
800.741603178617,4549.371905172413
801.0606136221932,4536.470948275863
801.3795703544392,4509.299844827586
801.6984733656726,4552.867991379311
802.0173226462109,4499.177146551721
802.3361181863717,4560.232370689655
802.6548599764723,4555.985224137934
802.9735480068302,4507.066603448277
803.2921822677633,4439.743681034483
803.6107627495887,4527.956715517241
803.929289442624,4494.8502413793085
804.2477623371868,4535.407500000001
804.5661814235946,4479.430241379311
804.8845466921647,4479.277370689655
805.2028581332147,4476.339594827586
805.5211157370624,4484.700956896551
805.8393194940251,4412.506112068968
806.15746939442,4421.791344827587
806.475565428565,4409.395525862069
806.7936075867775,4403.313931034481
807.111595859375,4352.886543103448
807.429530236675,4352.454517241381
807.7474107089951,4402.935077586206
808.0652372666526,4366.9041206896545
808.383009899965,4364.405017241377
808.70072859925,4316.775827586207
809.0183933548252,4320.305146551724
809.3360041570078,4385.1954310344845
809.6535609961155,4308.673681034483
809.9710638624657,4215.741594827587
810.2885127463761,4291.857905172414
810.6059076381638,4224.295706896552
810.9232485281467,4214.17300862069
811.2405354066423,4233.906620689655
811.5577682639678,4132.5267672413775
811.8749470904407,4087.7821810344826
812.1920718763791,4132.985379310345
812.5091426121,4187.394051724138
812.8261592879209,4197.1378965517215
813.1431218941593,4178.002474137931
813.4600304211331,4164.131120689655
813.7768848591593,4132.227672413794
814.0936851985556,4142.636172413793
814.4104314296397,4031.485887931036
814.7271235427289,4024.1946206896555
815.0437615281405,4051.172974137932
815.3603453761925,4073.3059913793113
815.6768750772022,4038.019448275862
815.9933506214869,3980.227681034482
816.3097719993643,3966.0040603448288
816.626139201152,3966.4626724137947
816.9424522171673,3973.999862068964
817.2587110377277,4001.0912068965504
817.5749156531509,4054.988094827587
817.8910660537543,4004.7733965517236
818.2071622298554,3939.537491379311
818.5232041717716,3937.4105948275865
818.8391918698208,3934.5525775862066
819.15512531432,3889.2563275862058
819.4710044955867,3901.645500000002
819.786829403939,3874.0556637931036
820.1026000296939,3908.8104827586208
820.4183163631691,3863.7668017241376
820.733978394682,3813.7249137931026
821.0495861145503,3803.130310344827
821.3651395130912,3857.1468362068945
821.6806385806223,3832.7340517241364
821.9960833074613,3762.812327586208
822.3114736839257,3740.7923017241383
822.6268097003326,3776.610568965517
822.942091347,3721.869568965517
823.2573186142452,3759.9210775862057
823.5724914923858,3727.5191379310363
823.8876099717388,3755.6074655172415
824.2026740426224,3772.1773189655187
824.5176836953539,3737.4557327586213
824.8326389202506,3725.8309137931033
825.1475397076301,3687.520189655173
825.4623860478102,3658.920077586207
825.777177931108,3627.422068965516
826.0919153478409,3661.2463706896538
826.406598288327,3637.564706896553
826.7212267428835,3676.32075
827.0358007018276,3667.095336206895
827.3503201554771,3599.838879310345
827.6647850941497,3674.439775862069
827.9791955081625,3607.6884568965515
828.2935513878332,3638.448698275861
828.6078527234795,3583.1959137931044
828.9220995054185,3577.0013275862075
829.236291723968,3649.468681034484
829.5504293694454,3576.090750000002
829.8645124321683,3586.824931034483
830.178540902454,3555.207284482758
830.4925147706201,3569.4043189655144
830.8064340269843,3550.9401982758627
831.120298661864,3539.64770689655
831.4341086655764,3564.519103448276
831.7478640284395,3528.268810344828
832.0615647407706,3546.6465258620697
832.3752107928871,3504.03548275862
832.6888021751064,3470.835956896553
833.0023388777464,3519.4421896551717
833.3158208911243,3481.3574482758604
833.6292482055577,3452.4449482758623
833.9426208113641,3495.268681034482
834.2559386988611,3520.6585086206887
834.569201858366,3421.4387844827597
834.8824102801964,3448.9754482758617
835.19556395467,3462.4480086206904
835.5086628721041,3472.0057500000007
835.821707022816,3446.5959827586194
836.1346963971237,3425.6460517241376
836.4476309853444,3453.9670086206893
836.7605107777956,3405.453827586207
837.0733357647947,3418.8931551724136
837.3861059366598,3413.1438879310344
837.6988212837077,3410.604905172415
838.0114817962561,3430.6509051724133
838.3240874646227,3370.333448275862
838.6366382791251,3369.2035344827586
838.9491342300803,3366.6379655172423
839.2615753078062,3385.002387931033
839.5739615026203,3404.4302586206877
839.88629280484,3382.569750000001
840.1985692047826,3386.2585862068972
840.510790692766,3378.867620689656
840.8229572591076,3353.530965517242
841.1350688941246,3311.7573879310344
841.4471255881351,3351.23125862069
841.7591273314559,3347.30979310345
842.0710741144052,3310.228681034482
842.3829659272999,3309.0987672413794
842.6948027604578,3278.1391293103457
843.0065846041965,3307.875801724139
843.3183114488334,3321.0160344827596
843.6299832846859,3309.032301724138
843.9416001020717,3290.1893275862067
844.253161891308,3258.837543103449
844.5646686427127,3268.2291206896566
844.876120346603,3291.2328362068965
845.1875169932966,3271.6587413793095
845.4988585731109,3289.511379310345
845.8101450763634,3232.2114568965517
846.1213764933716,3236.2592068965514
846.4325528144531,3215.4023275862082
846.7436740299254,3249.2465689655164
847.0547401301059,3242.792767241379
847.3657511053123,3218.4398017241374
847.6767069458617,3236.372198275861
847.987607642072,3186.722456896552
848.2984531842606,3226.389077586207
848.6092435627448,3222.447672413793
848.9199787678427,3218.173939655174
849.2306587898711,3212.683887931035
849.5412836191479,3210.2711896551723
849.8518532459905,3209.194448275864
850.1623676607164,3186.27049137931
850.4728268536431,3145.1216896551723
850.783230815088,3164.0444224137937
851.093579535369,3132.5995862068967
851.4038730048032,3169.3084913793105
851.7141112137083,3131.7355344827597
852.0242941524017,3142.9216810344833
852.3344218112011,3154.2540517241387
852.6444941804235,3121.008
852.9545112503871,3102.3112499999997
853.264473011409,3090.832655172412
853.5743794538067,3089.762560344827
853.8842305678979,3100.250818965518
854.194026344,3088.439896551724
854.5037667724305,3086.519043103449
854.8134518435068,3080.3576896551713
855.1230815475466,3076.9081293103454
855.4326558748674,3078.6960517241373
855.7421748157863,3051.4119568965525
856.0516383606214,3043.7086034482754
856.3610464996898,3025.0184999999983
856.6703992233095,2999.867948275862
856.9796965217972,3012.5894482758613
857.2889383854709,3012.230534482759
857.5981248046484,3012.9683017241387
857.9072557696466,2991.0479741379313
858.2163312707833,2988.9941896551722
858.5253512983759,2978.7053275862067
858.8343158427422,2973.0424655172415
859.1432248941993,2966.595310344826
859.4520784430649,2950.3245517241376
859.7608764796566,2928.191534482759
860.0696189942919,2910.2657844827577
860.378305977288,2913.821689655173
860.6869374189627,2923.8579827586204
860.9955133096336,2890.385948275862
861.3040336396177,2903.492948275863
861.612498399233,2902.422853448276
861.9209075787969,2886.311612068965
862.2292611686267,2850.832318965518
862.5375591590403,2858.1435258620686
862.8458015403547,2852.547129310344
863.1539883028879,2819.6201120689657
863.462119436957,2826.9246724137934
863.7701949328797,2799.567465517243
864.0782147809736,2769.903905172414
864.386178971556,2752.051267241379
864.6940874949445,2746.182362068966
865.0019403414566,2766.3679396551715
865.3097375014099,2782.4858275862093
865.6174789651217,2738.2397327586204
865.9251647229097,2742.2143706896545
866.2327947650913,2708.549586206896
866.5403690819841,2720.2674568965513
866.8478876639055,2685.5658103448272
867.1553505011728,2660.54154310345
867.4627575841041,2665.8787241379314
867.7701089030164,2666.9953448275865
868.0774044482273,2621.4598189655158
868.3846442100546,2612.0483017241386
868.6918281788154,2615.757077586206
868.9989563448274,2618.0700775862065
869.3060286984081,2583.8137500000003
869.6130452298751,2566.80522413793
869.9200059295456,2572.7605344827593
870.2269107877374,2543.768275862069
870.5337597947679,2480.267120689655
870.8405529409546,2538.6039051724133
871.1472902166151,2462.0090431034496
871.4539716120669,2457.8948275862076
871.7605971176272,2451.3944999999994
872.0671667236139,2442.8005086206895
872.3736804203443,2396.2945862068955
872.6801381981361,2435.5291810344825
872.9865400473064,2385.5736982758617
873.2928859581732,2375.9561379310344
873.5991759210535,2368.186318965516
873.9054099262653,2380.116879310344
874.2115879641259,2376.261879310344
874.5177100249526,2355.9367241379305
874.8237760990634,2337.5922413793105
875.1297861767753,2352.553629310345
875.435740248406,2339.513094827586
875.741638304273,2312.2223534482755
876.0474803346939,2359.9512413793104
876.353266329986,2332.321525862069
876.658996280467,2360.5494310344825
876.9646701764544,2327.968034482759
877.2702880082657,2316.070706896552
877.5758497662182,2349.077482758621
877.8813554406296,2308.6465086206895
878.1868050218173,2313.432025862069
878.4921985000991,2346.5783793103446
878.7975358657919,2362.2642413793096
879.1028171092139,2304.731689655172
879.4080422206821,2303.5818362068967
879.7132111905144,2284.7255689655167
880.018324009028,2333.5311982758626
880.3233806665403,2317.3667844827587
880.6283811533692,2354.288379310344
880.933325459832,2335.232715517242
881.2382135762464,2323.587956896551
881.5430454929294,2362.8159051724133
881.847821200199,2334.5680603448272
882.1525406883726,2365.374827586207
882.4572039477674,2360.8485258620694
882.7618109687014,2367.6479482758623
883.0663617414918,2344.079275862069
883.3708562564561,2336.4822672413798
883.6752945039119,2346.6116120689667
883.9796764741768,2340.696181034483
884.284002157568,2376.41475
884.5882715444033,2376.6739655172414
884.8924846250001,2326.0870603448266
885.1966413896757,2361.140974137931
885.500741828748,2383.2606982758625
885.8047859325343,2331.450827586207
886.1087736913521,2345.3022413793115
886.4127050955188,2351.197732758621
886.7165801353522,2378.933793103449
887.0203988011696,2347.3693189655173
887.3241610832885,2363.314396551724
887.6278669720265,2348.937905172413
887.931516457701,2374.1283362068966
888.2351095306296,2340.6230689655163
888.5386461811297,2338.7221551724137
888.8421263995189,2368.139793103448
889.1455501761147,2355.391706896552
889.4489175012345,2377.604482758621
889.7522283651961,2346.4986206896556
890.0554827583167,2347.1765689655176
890.3586806709139,2331.543879310345
890.6618220933051,2358.130086206896
890.964907015808,2327.1039827586187
891.26793542874,2318.8423189655177
891.5709073224186,2313.4652586206903
891.8738226871615,2310.79999137931
892.1766815132858,2296.7425344827584
892.4794837911094,2294.1636724137934
892.7822295109495,2334.5879999999984
893.084918663124,2299.5008534482754
893.38755123795,2312.0495431034483
893.6901272257452,2275.599853448276
893.9926466168271,2264.852379310345
894.295109401513,2280.9436810344823
894.5975155701208,2261.19677586207
894.8998651129676,2261.6753275862075
895.2021580203713,2226.867336206897
895.5043942826492,2231.8987758620688
895.8065738901186,2241.682499999999
896.1086968330975,2227.897551724139
896.410763101903,2188.098
896.7127726868525,2217.063672413794
897.014725578264,2168.218163793104
897.3166217664545,2176.672577586207
897.618461241742,2170.1523103448276
897.9202439944438,2150.5183965517235
898.2219700148772,2131.2433965517234
898.5236392933599,2144.084534482758
898.8252518202094,2097.1465862068953
899.1268075857431,2133.9551896551725
899.4283065802786,2091.45049137931
899.7297487941335,2057.2606293103445
900.031134217625,2064.538603448275
900.3324628410709,2054.82799137931
900.6337346547887,2038.8696206896554
900.9349496490956,2035.3403017241385
901.2361078143095,1991.4797068965527
901.5372091407476,1997.6543534482755
901.8382536187277,2003.4966724137932
902.1392412385669,1996.0525344827595
902.4401719905832,1961.5768706896552
902.7410458650936,1946.1435775862064
903.0418628524161,1938.5133362068964
903.3426229428677,1898.0225431034473
903.6433261267663,1898.7536637931037
903.9439723944292,1904.8551982758631
904.2445617361741,1869.4822499999989
904.5450941423185,1853.856206896552
904.8455696031795,1873.1312068965522
905.145988109075,1865.2882758620683
905.4463496503224,1808.167810344829
905.7466542172392,1809.8294482758618
906.046901800143,1804.5321465517252
906.3470923893511,1803.9140172413797
906.6472259751812,1761.8612844827594
906.9473025479507,1762.133793103448
907.2473220979772,1743.3240517241384
907.5472846155781,1744.7331206896545
907.847190091071,1744.6533620689656
908.1470385147733,1727.7445344827581
908.4468298770025,1714.7638189655167
908.7465641680764,1695.2163103448288
909.0462413783121,1711.62
909.345861498027,1641.8112672413793
909.6454245175394,1643.4994913793098
909.944930427166,1639.7043103448275
910.2443792172248,1598.489043103447
910.5437708780329,1622.8685948275856
910.843105399908,1608.0534310344824
911.1423827731678,1608.9440689655185
911.4416029881294,1582.2382241379303
911.7407660351107,1572.208577586206
912.039871904429,1569.4236724137934
912.3389205864019,1534.296646551726
912.6379120713467,1526.5999396551724
912.9368463495812,1514.715905172414
913.2357234114227,1483.8759051724132
913.5345432471886,1493.912198275861
913.8333058471968,1482.8855689655172
914.1320112017644,1470.2305344827587
914.4306593012092,1475.202155172414
914.7292501358485,1472.118155172414
915.027783696,1420.3215775862066
915.326259971981,1430.6303793103443
915.6246789541092,1429.8527327586214
915.9230406327019,1408.184974137931
916.2213449980769,1393.7087844827593
916.5195920405514,1368.9902586206895
916.817781750443,1405.758982758621
917.1159141180693,1352.938836206897
917.4139891337477,1370.0204741379305
917.7120067877958,1333.823353448276
918.0099670705309,1346.644551724137
918.3078699722709,1333.9230517241376
918.6057154833329,1321.7332758620694
918.9035035940346,1305.7948448275865
919.2012342946937,1295.0141379310344
919.4989075756272,1299.2014655172404
919.7965234271528,1251.3795258620687
920.0940818395884,1270.960267241379
920.391582803251,1255.6665517241372
920.6890263084584,1302.4915086206888
920.986412345528,1259.7076551724144
921.2837409047773,1219.7485862068966
921.5810119765239,1233.7728103448278
921.8782255510852,1234.198189655172
922.1753816187786,1194.5116293103454
922.4724801699219,1204.5545689655169
922.7695211948325,1205.7110689655171
923.0665046838276,1179.3309051724143
923.3634306272252,1181.7303103448276
923.6602990153425,1164.5157413793104
923.957109838497,1142.203267241379
924.2538630870064,1154.672198275862
924.550558751188,1129.255784482758
924.8471968213594,1135.928922413793
925.143777287838,1115.550594827586
925.4403001409416,1135.3506724137924
925.7367653709874,1129.6146982758614
926.033172968293,1092.3807155172408
926.3295229231761,1103.626681034483
926.6258152259538,1094.5607844827584
926.922049866944,1054.6881206896542
927.2182268364639,1081.972215517242
927.5143461248313,1078.0706896551724
927.8104077223635,1080.2574051724143
928.1064116193779,1048.154560344828
928.4023578061923,1045.12373275862
928.6982462731241,1043.202879310345
928.9940770104909,1030.3550948275863
929.2898500086097,1022.665034482759
929.5855652577987,1006.1948793103452
929.881222748375,999.3954568965514
930.1768224706561,1000.2728017241375
930.4723644149599,1011.9906724137925
930.7678485716033,1008.4547068965521
931.0632749309043,1004.3404913793108
931.3586434831801,981.4763534482756
931.6539542187485,964.6871637931035
931.9492071279267,962.4140431034489
932.2444022010322,975.2817672413796
932.539539428383,945.5583879310348
932.834618800296,931.0556120689653
933.1296403070891,944.1360258620687
933.4246039390796,945.9837672413792
933.719509686585,936.5988362068963
934.0143575399229,928.4501637931032
934.3091474894109,924.6151034482764
934.6038795253663,902.3757413793112
934.8985536381067,917.4833534482761
935.1931698179496,879.9768620689656
935.4877280552125,894.0941379310343
935.7822283402131,893.2965517241375
936.0766706632685,870.8777327586206
936.3710550146964,858.2293448275864
936.6653813848145,853.2311379310343
936.9596497639401,861.6190862068966
937.2538601423907,848.4921465517241
937.5480125104838,852.3405000000009
937.8421068585369,848.0667672413788
938.1361431768677,848.2262844827585
938.4301214557936,834.0957155172416
938.724041685632,788.6333017241377
939.0179038567005,814.9270603448281
939.3117079593167,810.7796120689654
939.6054539837977,786.7124482758622
939.8991419204615,810.1548362068968
940.1927717596254,802.1125086206898
940.4863434916068,799.5203534482762
940.7798571067235,789.4508275862065
941.0733125952926,792.0097499999995
941.3667099476321,798.230922413793
941.660049154059,802.4116034482759
941.9533302048911,788.3541465517249
942.2465530904459,775.7256982758622
942.5397178010408,768.6338275862074
942.8328243269934,783.1100172413799
943.1258726586211,753.5395086206904
943.4188627862416,736.3382327586207
943.7117947001722,737.0028879310337
944.0046683907303,736.2850603448278
944.2974838482338,739.2893017241372
944.5902410629999,727.8173534482762
944.8829400253463,742.5594051724138
945.1755807255904,703.9097068965516
945.4681631540498,717.9605172413794
945.7606873010416,722.9387844827593
946.0531531568838,692.982775862069
946.3455607118939,696.8178362068963
946.637909956389,698.3398965517242
946.9302008806869,703.3779827586213
947.222433475105,698.3930689655172
947.5146077299611,693.0691810344824
947.8067236355722,667.2340344827585
948.0987811822561,671.0092758620692
948.3907803603304,671.5210603448277
948.6827211601122,659.4043965517237
948.9746035719196,658.4605862068968
949.2664275860697,647.3076724137934
949.5581931928801,649.388043103449
949.8499003826682,643.2599224137937
950.1415491457516,632.7849568965512
950.433139472448,654.6188793103449
950.7246713530745,630.5384224137931
951.0161447779491,642.9010086206904
951.3075597373888,621.7051551724142
951.5989162217114,634.2272586206896
951.8902142212344,629.2290517241377
952.1814537262751,613.4434913793104
952.4726347271514,616.2616293103447
952.7637572141804,595.0857155172407
953.0548211776797,613.5232500000006
953.345826607967,590.027689655172
953.6367734953598,589.3829741379316
953.9276618301752,572.7067758620688
954.218491602731,569.9551034482754
954.5092628033449,594.3014224137924
954.7999754223339,583.4143706896557
955.0906294500162,570.4868275862068
955.3812248767088,574.7339741379317
955.6717616927293,563.5212413793108
955.9622398883953,562.9496379310342
956.252659454024,547.5030517241385
956.5430203799333,540.4111810344821
956.8333226564404,571.4705172413796
957.123566273863,558.8088362068963
957.4137512225187,553.6245258620686
957.7038774927249,525.9948103448273
957.9939450747991,537.6927413793105
958.2839539590585,537.234129310345
958.573904135821,535.3465086206895
958.8637955954039,522.6250086206894
959.1536283281249,545.8214741379313
959.4434023243015,533.791215517241
959.7331175742511,527.0316724137926
960.0227740682911,517.0684913793107
960.3123717967391,501.1765862068962
960.6019107499126,491.71189655172407
960.8913909181291,518.6370775862072
961.1808122917063,501.4690344827586
961.4701748609615,494.1578275862071
961.7594786162123,489.498594827586
962.0487235477761,503.94819827586275
962.3379096459703,485.27803448275904
962.6270369011127,484.3009913793105
962.9161053035206,479.78133620689664
963.2051148435118,479.070155172413
963.4940655114033,462.62658620689695
963.7829572975131,473.4205862068968
964.0717901921586,486.87320689655166
964.3605641856568,465.74381896551745
964.6492792683258,454.2120517241376
964.9379354304829,460.0809568965517
965.2265326624457,467.9039482758619
965.5150709545317,471.13417241379307
965.8035502970582,447.851301724138
966.0919706803429,445.8772758620685
966.380332094703,437.28328448275806
966.6686345304566,462.7329310344833
966.9568779779205,449.01444827586215
967.2450624274128,437.38298275862076
967.5331878692509,428.7291724137931
967.821254293752,432.14549999999986
968.1092616912339,433.64097413793115
968.3972100520137,427.6923103448271
968.6850993664095,414.07352586206935
968.9729296247382,422.288663793104
969.2607008173178,410.93635344827544
969.5484129344657,405.5925258620691
969.8360659664992,407.55990517241435
970.123659903736,428.270560344828
970.4111947364933,402.0964396551726
970.698670455089,414.1399913793107
970.9860870498403,398.0885689655174
971.273444511065,403.57197413793074
971.5607428290805,372.45946551724137
971.8479819942042,390.4118017241383
972.1351619967537,408.3574913793102
972.4222828270463,386.08489655172366
972.7093444753998,378.806922413793
972.9963469321315,367.45461206896493
973.2832901875591,382.40270689655176
973.570174232,380.30904310344863
973.8569990557718,380.2492241379309
974.1437646491918,382.39606034482745
974.4304710025773,376.6534396551724
974.7171181062464,364.3772586206892
975.0037059505163,374.9652155172412
975.2902345257045,344.9095086206894
975.5767038221287,361.6654655172415
975.8631138301062,362.7156206896552
976.1494645399545,362.5494568965519
976.4357559419909,343.53367241379374
976.7219880265335,352.2805344827584
977.0081607838993,326.69131034482734
977.294274204406,353.76936206896585
977.5803282783712,343.9856379310347
977.8663229961121,333.4043275862068
978.1522583479466,337.58500862068945
978.4381343241918,318.23689655172393
978.7239509151655,337.6714137931035
979.0097081111849,330.2006896551727
979.2954059025678,327.1565689655174
979.5810442796319,318.9414310344828
979.8666232326942,324.2653189655173
980.1521427520727,330.2206293103445
980.4376028280842,333.4043275862075
980.7230034510469,315.92389655172406
981.0083446112778,313.2719224137927
981.293626299095,306.93775862068946
981.5788485048156,313.43808620689697
981.8640112187571,297.03439655172383
982.1491144312372,296.29662931034454
982.4341581325729,315.465284482759
982.7191423130824,304.1129741379302
983.0040669630827,291.2053706896554
983.2889320728916,290.9395086206898
983.5737376328267,286.4929655172416
983.8584836332051,284.5721120689652
984.1431700643446,284.3860086206896
984.4277969165624,303.52143103448316
984.7123641801765,290.36125862068934
984.9968718455038,280.5443017241382
985.2813199028625,292.920181034483
985.5657083425697,268.93942241379295
985.8500371549429,280.45789655172393
986.1343063302998,283.54189655172377
986.4185158589573,271.7774999999997
986.7026657312338,273.14004310344785
986.9867559374461,259.694068965518
987.2707864679121,270.48806896551764
987.5547573129493,266.5931896551722
987.838668462875,270.6342931034478
988.1225199080069,263.9146293103445
988.4063116386621,272.2028793103441
988.6900436451588,238.92359482758638
988.9737159178138,260.73093103448264
989.257328446945,261.4088793103449
989.5408812228701,243.16409482758627
989.824374235906,233.7924568965518
990.1078074763708,260.9967931034482
990.3911809345815,260.5248879310345
990.6744946008561,270.9998534482761
990.9577484655115,244.99854310344858
991.2409425188658,232.7223620689656
991.5240767512364,231.94471551724178
991.8071511529406,244.18101724137864
992.090165714296,244.79914655172456
992.3731204256198,239.19610344827606
992.6560152772302,207.31259482758628
992.9388502594439,219.92775000000006
993.2216253625792,225.53079310344856
993.504340576953,234.59668965517267
993.786995892883,239.7344741379311
994.069591300687,229.9507500000002
994.3521267906818,205.1989913793102
994.6346023531856,207.5651637931037
994.9170179785156,207.0201465517241
995.1993736569893,220.31325000000038
995.4816693789244,236.53083620689608
995.7639051346382,222.8987586206897
996.0460809144483,226.3549655172419
996.328196708672,204.0624310344831
996.610252507627,206.11621551724124
996.8922483016308,211.83889655172425
997.174184081001,193.029155172414
997.4560598360551,194.77055172413884
997.7378755571104,195.12946551724121
998.0196312344846,203.02556896551755
998.3013268584948,189.32037931034506
998.582962419459,200.3071293103451
998.8645379076945,194.4448706896551
999.146053313519,182.60736206896559
999.4275086272497,193.26843103448255
999.7089038392044,185.24604310344853
999.9902389397004,185.49861206896549
1000.2715139190549,185.63154310344862
1000.5527287675861,176.72516379310377
1000.8338834756111,177.84843103448225
1001.1149780334474,185.9040517241383
1001.3960124314128,176.107034482759
1001.6769866598245,175.3825603448272
1001.9579007090001,165.20668965517189
1002.2387545692569,174.378931034483
1002.5195482309128,186.7614568965514
1002.8002816842849,168.16440517241404
1003.0809549196912,161.1057672413799
1003.3615679274488,156.20725862069048
1003.6421206978755,167.64597413793035
1003.9226132212885,148.47067241379273
1004.2030454880053,177.8484310344827
1004.4834174883438,153.8144999999995
1004.7637292126209,153.72144827586249
1005.0439806511547,162.92027586206882
1005.3241717942625,162.7873448275866
1005.6043026322618,149.72022413793093
1005.88437315547,143.30630172413817
1006.1643833542047,149.6205258620687
1006.4443332187833,140.38181896551714
1006.7242227395233,142.80781034482789
1007.0040519067426,154.9045344827582
1007.2838207107583,152.6712931034483
1007.5635291418881,146.13108620689627
1007.8431771904494,154.32628448275887
1008.1227648467594,140.33529310344852
1008.4022921011363,145.04769827586188
1008.6817589438969,142.52200862068912
1008.9611653653593,131.00353448275837
1009.2405113558408,130.38540517241358
1009.5197969056588,141.04647413793123
1009.7990220051308,130.81743103448252
1010.0781866445743,128.20533620689662
1010.357290814307,128.48449137931038
1010.6363345046461,133.91472413793122
1010.9153177059095,131.8941724137926
1011.1942404084145,122.77510344827556
1011.4731026024787,124.81559482758598
1011.7519042784193,119.08626724137957
1012.0306454265539,112.65240517241409
1012.3093260372002,106.69044827586208
1012.5879461006755,136.4337672413792
1012.8665056072978,133.52257758620703
1013.145004547384,130.75761206896573
1013.423442911252,113.11766379310325
1013.701820689219,114.4336810344821
1013.9801378716024,103.9454224137935
1014.2583944487204,122.60229310344812
1014.5365904108897,120.4089310344823
1014.8147257484286,118.28868103448212
1015.0928004516539,117.23187931034568
1015.3708145108835,114.22763793103422
1015.6487679164347,105.86627586206873
1015.926660658625,87.52843965517286
1016.204492727772,104.05176724137982
1016.4822641141933,89.84808620689682
1016.7599748082064,89.42935344827515
1017.0376248001287,99.57863793103411
1017.3152140802778,91.48313793103421
1017.592742638971,123.67238793103388
1017.8702104665258,106.43123275862081
1018.1476175532599,112.55270689655185
1018.4249638894908,93.11154310344887
1018.7022494655358,96.90007758620709
1018.9794742717129,95.09886206896545
1019.2566382983392,102.3236637931036
1019.5337415357322,95.7502241379309
1019.8107839742094,87.56831896551648
1020.0877656040884,93.5435689655169
1020.3646864156866,86.59127586206864
1020.6415463993217,94.32786206896526
1020.9183455453111,86.24565517241308
1021.1950838439726,85.46800862068949
1021.4717612856232,91.82211206896545
1021.7483778605803,80.91512068965562
1022.0249335591622,84.79670689655222
1022.3014283716853,75.7839827586206
1022.5778622884684,90.83842241379352
1022.8542352998282,89.9544310344827
1023.1305473960822,71.92233620689626
1023.4067985675482,67.26310344827607
1023.6829888045435,75.19908620689603
1023.9591180973856,94.18828448275849
1024.2351864363918,83.77978448275803
1024.5111938118805,78.27643965517177
1024.7871402141682,83.79972413793075
1025.063025633573,75.19908620689625
1025.3388500604121,67.38938793103489
1025.6146134850028,53.19899999999939
1025.8903158976632,60.97546551724099
1026.1659572887106,57.46608620689631
1026.4415376484621,96.84025862068961
1026.717056967236,70.77912931034462
1026.9925152353492,47.429793103448446
1027.2679124431193,61.021991379310066
1027.5432485808635,52.747034482758636
1027.8185236389,59.77908620689641
1028.0937376075456,49.177836206897155
1028.3688904771186,71.35737931034441
1028.643982237936,65.10297413793069
1028.9190128803152,55.37242241379272
1029.193982394574,51.032224137930825
1029.4688907710297,87.01000862068918
1029.7437379999997,59.32712068965566
1030.0185240718022,66.16642241379327
1030.293248976754,52.55428448275893
1030.5679127051728,57.0606465517244
1030.842515247376,60.709603448276084
1031.1170565936816,57.08723275862121
1031.3915367344061,60.57667241379272
1031.665955659868,69.27036206896537
1031.9403133603844,50.1681724137934
1032.2146098262729,62.357948275861645
1032.488845047851,52.03585344827525
1032.7630190154362,70.12776724137893
1033.0371317193458,62.41776724137935
1033.3111831498973,42.49805172413812
1033.5851732974086,44.94398275862022
1033.859102152197,66.76461206896533
1034.13296970458,50.87270689655202
1034.4067759448753,44.69806034482758
1034.6805208633998,52.09567241379341
1034.9542044504717,42.01950000000011
1035.227826696408,51.437663793103184
1035.5013875915265,54.94704310344855
1035.7748871261447,61.2612672413793
1036.0483252905797,33.246051724137715
1036.32170207515,45.26966379310329
1036.595017470172,33.20617241379341
1036.8682714659637,47.82858620689649
1037.1414640528424,41.97297413793103
1037.4145952211256,32.701034482758814
1037.6876649611315,39.879310344827445
1037.960673263177,37.93187068965517
1038.2336201175794,47.91499137931032
1038.5065055146567,46.14036206896526
1038.7793294447265,47.921637931034866
1039.0520918981051,31.484715517241057
1039.3247928651115,46.81166379310366
1039.5974323360626,42.80379310344847
1039.8700103012757,40.70348275862057
1040.142526751069,39.25453448275857
1040.414981675759,43.72766379310383
1040.6873750656641,25.336655172413657
1040.9597069111012,24.824870689654972
1041.231977202388,43.34216379310328
1041.5041859298422,55.791155172414165
1041.776333083781,23.38256896551775
1042.0484186545225,36.40981034482775
1042.3204426323834,28.214612068964698
1042.5924050076817,20.085879310344353
